3 0.931108 0.694051 0.137305 0.175205
3 0.214331 0.547655 0.156757 0.115131
3 0.294013 0.412261 0.0936199 0.100544
3 0.304542 0.752916 0.165925 0.210574
3 0.712301 0.574121 0.0806746 0.131944
3 0.335738 0.330699 0.063597 0.0557163
3 0.39469 0.334576 0.0658557 0.0644655
3 0.861938 0.428771 0.0739166 0.0842405
3 0.275994 0.327506 0.0887326 0.0612909
3 0.676478 0.32384 0.0447868 0.0673794
3 0.71256 0.276954 0.0396109 0.0507628
3 0.812906 0.290706 0.044576 0.0516293
3 0.885057 0.532696 0.101182 0.110759
3 0.695216 0.232315 0.04576 0.0434773
3 0.841002 0.356814 0.0679378 0.0701168
3 0.642743 0.169869 0.0356554 0.031427
3 0.503211 0.36906 0.0539054 0.0781325
3 0.757495 0.194555 0.0469904 0.0401876
3 0.964045 0.931734 0.0711325 0.136531
3 0.406461 0.250449 0.0609393 0.0480935
3 0.124528 0.937847 0.22519 0.124305
3 0.44156 0.258115 0.0536597 0.0512918
3 0.700407 0.165594 0.0368464 0.0298559
3 0.490615 0.280997 0.0734568 0.0524782
3 0.368356 0.456799 0.0966294 0.0701531
4 0.785552 0.211127 0.0392066 0.0481223
3 0.465722 0.41549 0.0725613 0.111108
3 0.585768 0.212957 0.0288697 0.0448695
3 0.35419 0.25146 0.0585411 0.0483794
