3 0.299855 0.754533 0.170408 0.21537
3 0.860171 0.426597 0.0723123 0.0851201
3 0.504758 0.367757 0.0509879 0.0787876
3 0.119592 0.937826 0.238134 0.124347
3 0.930625 0.697075 0.137752 0.184973
3 0.710386 0.573171 0.0760802 0.13752
3 0.300062 0.408532 0.0844145 0.0948838
3 0.837323 0.354717 0.0591908 0.0665285
3 0.393514 0.333352 0.0649216 0.0622299
3 0.283405 0.324922 0.0812331 0.0581074
3 0.20972 0.543393 0.167685 0.115301
3 0.756025 0.1936 0.0477714 0.0409395
3 0.245125 0.314101 0.06089 0.0511818
3 0.676382 0.322355 0.0480484 0.0673085
3 0.337836 0.328453 0.0694167 0.0579851
3 0.882865 0.533538 0.0959307 0.121306
3 0.811906 0.288517 0.0419754 0.0504721
3 0.700427 0.164035 0.0382487 0.0290041
3 0.490104 0.28357 0.0767755 0.0485229
3 0.358007 0.249049 0.0527635 0.0509914
3 0.66216 0.28218 0.0385706 0.048269
3 0.963449 0.933428 0.0731022 0.132743
3 0.437026 0.259881 0.0478718 0.0473798
3 0.71332 0.275647 0.0388666 0.049435
4 0.464655 0.413855 0.0708649 0.112637
3 0.399257 0.249962 0.0538748 0.046074
4 0.145372 0.364221 0.072801 0.0867096
3 0.586103 0.212795 0.0286169 0.0399031
3 0.662627 0.246418 0.0308729 0.0380426
3 0.642179 0.168226 0.0351684 0.0307944
4 0.784911 0.209061 0.0402914 0.0510824
3 0.653294 0.147246 0.0289821 0.0286134
3 0.696922 0.229846 0.0462237 0.0457922
0 0.398132 0.280043 0.017638 0.0379319
3 0.637155 0.135189 0.0284254 0.026888
3 0.5985 0.118595 0.0303319 0.022046
0 0.400411 0.279911 0.0144608 0.0397432
0 0.400781 0.280312 0.0151337 0.0383407
3 0.464499 0.412842 0.0702388 0.112228
0 0.399382 0.276247 0.0164531 0.0305877
